local Players = game:GetService("Players")
local RunService = game:GetService("RunService")
local HttpService = game:GetService("HttpService")
local TweenService = game:GetService("TweenService")
local player = Players.LocalPlayer

-- === CONFIG ===
local AUTO_PLAY_AFTER_LOAD = true  -- true = langsung mainkan
local movementData, heartbeatConn = {}, nil
local replaying, loopReplay = false, false

-- Ganti [] dengan teks JSON (contoh dummy di bawah)
local JSON_DATA = [[
    {
        "cf": [
            843.3492431640625,
            365.04852294921877,
            -810.9862670898438,
            -0.9961946606636047,
            4.955712729071138e-9,
            0.08715635538101196,
            3.0140974160985935e-9,
            1,
            -2.240897956085064e-8,
            -0.08715635538101196,
            -2.2061007243223686e-8,
            -0.9961946606636047
        ],
        "dir": {
            "y": 0,
            "x": 0,
            "z": 0
        },
        "speed": 32,
        "t": 5.000001692678779e-7,
        "state": "Enum.HumanoidStateType.Running"
    },
    {
        "cf": [
            843.3492431640625,
            365.04852294921877,
            -810.9862670898438,
            -0.9961946606636047,
            6.584365941364467e-9,
            0.08715635538101196,
            4.004653497702293e-9,
            1,
            -2.9773524090614957e-8,
            -0.08715635538101196,
            -2.9311193472381093e-8,
            -0.9961946606636047
        ],
        "dir": {
            "y": 0,
            "x": 0,
            "z": 0
        },
        "speed": 32,
        "t": 0.06255833333125338,
        "state": "Enum.HumanoidStateType.Running"
    },
    {
        "cf": [
            843.3492431640625,
            365.04852294921877,
            -810.9862670898438,
            -0.9961946606636047,
            6.561898135970523e-9,
            0.08715635538101196,
            3.9909862081799478e-9,
            1,
            -2.967195023018121e-8,
            -0.08715635538101196,
            -2.9211197016820735e-8,
            -0.9961946606636047
        ],
        "dir": {
            "y": 0,
            "x": 0,
            "z": 0
        },
        "speed": 32,
        "t": 0.12891587499689195,
        "state": "Enum.HumanoidStateType.Running"
    },
    {
        "cf": [
            843.3492431640625,
            365.04852294921877,
            -810.9862670898438,
            -0.9961946606636047,
            6.539506713920673e-9,
            0.08715635538101196,
            3.977365548024636e-9,
            1,
            -2.9570722759331148e-8,
            -0.08715635538101196,
            -2.911154339813038e-8,
            -0.9961946606636047
        ],
        "dir": {
            "y": 0,
            "x": 0,
            "z": 0
        },
        "speed": 32,
        "t": 0.19547187499847497,
        "state": "Enum.HumanoidStateType.Running"
    },
    {
        "cf": [
            843.3492431640625,
            365.04852294921877,
            -810.9862670898438,
            -0.9961946606636047,
            6.517192563393337e-9,
            0.08715635538101196,
            3.963791961325569e-9,
            1,
            -2.9469839901707929e-8,
            -0.08715635538101196,
            -2.901222728723951e-8,
            -0.9961946606636047
        ],
        "dir": {
            "y": 0,
            "x": 0,
            "z": 0
        },
        "speed": 32,
        "t": 0.2616837499990652,
        "state": "Enum.HumanoidStateType.Running"
    },
    {
        "cf": [
            843.3492431640625,
            365.04852294921877,
            -810.9862670898438,
            -0.9961946606636047,
            6.4991176884632299e-9,
            0.08715635538101196,
            3.952797644757311e-9,
            1,
            -2.9388122158025e-8,
            -0.08715635538101196,
            -2.8931777862339915e-8,
            -0.9961946606636047
        ],
        "dir": {
            "y": 0,
            "x": 0,
            "z": 0
        },
        "speed": 32,
        "t": 0.3118125416658586,
        "state": "Enum.HumanoidStateType.Running"
    },
    {
        "cf": [
            843.3492431640625,
            365.04852294921877,
            -810.9862670898438,
            -0.9961946606636047,
            6.482477665770148e-9,
            0.08715635538101196,
            3.942675963486408e-9,
            1,
            -2.9312895222233238e-8,
            -0.08715635538101196,
            -2.8857719769348479e-8,
            -0.9961946606636047
        ],
        "dir": {
            "y": 0,
            "x": 0,
            "z": 0
        },
        "speed": 32,
        "t": 0.3620120416635473,
        "state": "Enum.HumanoidStateType.Running"
    },
    {
        "cf": [
            843.3492431640625,
            365.04852294921877,
            -810.9862670898438,
            -0.9961946606636047,
            6.4658802756412118e-9,
            0.08715635538101196,
            3.932580039389677e-9,
            1,
            -2.923786013298013e-8,
            -0.08715635538101196,
            -2.8783849970182019e-8,
            -0.9961946606636047
        ],
        "dir": {
            "y": 0,
            "x": 0,
            "z": 0
        },
        "speed": 32,
        "t": 0.41206791666627398,
        "state": "Enum.HumanoidStateType.Running"
    },
    {
        "cf": [
            843.3492431640625,
            365.04852294921877,
            -810.9862670898438,
            -0.9961946606636047,
            6.443817035517441e-9,
            0.08715635538101196,
            3.919159219378798e-9,
            1,
            -2.913811236737729e-8,
            -0.08715635538101196,
            -2.8685651187743134e-8,
            -0.9961946606636047
        ],
        "dir": {
            "y": 0,
            "x": 0,
            "z": 0
        },
        "speed": 32,
        "t": 0.4785699999993085,
        "state": "Enum.HumanoidStateType.Running"
    },
    {
        "cf": [
            843.4698486328125,
            365.04852294921877,
            -810.2355346679688,
            -0.9987376928329468,
            1.5326202174037463e-7,
            0.05022997781634331,
            1.1230169860709793e-7,
            1,
            -8.182780106835708e-7,
            -0.05022997781634331,
            -8.11604138561961e-7,
            -0.9987376928329468
        ],
        "dir": {
            "y": 0,
            "x": 0.2259785383939743,
            "z": 0.9741323590278626
        },
        "speed": 32,
        "t": 0.5293767499970272,
        "state": "Enum.HumanoidStateType.Running"
    },
    {
        "cf": [
            844.0440673828125,
            365.04852294921877,
            -808.1947021484375,
            -0.9992672204971314,
            3.11859849944085e-7,
            0.03827589750289917,
            2.477402460954181e-7,
            1,
            -0.0000016799383502075216,
            -0.03827589750289917,
            -0.0000016692248436811497,
            -0.9992672204971314
        ],
        "dir": {
            "y": 0,
            "x": 0.27626585960388186,
            "z": 0.961081326007843
        },
        "speed": 32,
        "t": 0.5956564166663156,
        "state": "Enum.HumanoidStateType.Running"
    },
    {
        "cf": [
            844.5315551757813,
            365.04852294921877,
            -806.671142578125,
            -0.9994855523109436,
            3.7985333278811597e-7,
            0.03207290172576904,
            3.13390671635716e-7,
            1,
            -0.000002077264298350201,
            -0.03207290172576904,
            -0.0000020661443613789744,
            -0.9994855523109436
        ],
        "dir": {
            "y": 0,
            "x": 0.3287539482116699,
            "z": 0.9444156289100647
        },
        "speed": 32,
        "t": 0.6465808749999269,
        "state": "Enum.HumanoidStateType.Running"
    },
    {
        "cf": [
            845.3310546875,
            365.04852294921877,
            -804.694091796875,
            -0.9997768402099609,
            5.382858603297791e-7,
            0.021124549210071565,
            4.7488927634731228e-7,
            1,
            -0.0000030061023608141115,
            -0.021124549210071565,
            -0.000002995399654537323,
            -0.9997768402099609
        ],
        "dir": {
            "y": 0,
            "x": 0.4034842550754547,
            "z": 0.9149865508079529
        },
        "speed": 32,
        "t": 0.7118201666635287,
        "state": "Enum.HumanoidStateType.Running"
    },
    {
        "cf": [
            846.29052734375,
            365.04852294921877,
            -802.7892456054688,
            -0.9999411702156067,
            7.118252938198566e-7,
            0.010847579687833786,
            6.679040893686761e-7,
            1,
            -0.000004052560143463779,
            -0.010847579687833786,
            -0.000004045076821057592,
            -0.9999411702156067
        ],
        "dir": {
            "y": 0,
            "x": 0.46922174096107485,
            "z": 0.8830803632736206
        },
        "speed": 32,
        "t": 0.7786701249970065,
        "state": "Enum.HumanoidStateType.Running"
    },
    {
        "cf": [
            847.3151245117188,
            365.04852294921877,
            -800.9182739257813,
            -0.9999648332595825,
            7.604805887240218e-7,
            0.008383170701563359,
            7.240926720442076e-7,
            1,
            -0.000004343622549640713,
            -0.008383170701563359,
            -0.000004337399786891183,
            -0.9999648332595825
        ],
        "dir": {
            "y": 0,
            "x": 0.4828934669494629,
            "z": 0.8756791353225708
        },
        "speed": 32,
        "t": 0.8453303749993211,
        "state": "Enum.HumanoidStateType.Running"
    },
    {
        "cf": [
            848.2490234375,
            365.04852294921877,
            -799.0014038085938,
            -0.9998078942298889,
            5.85745965508977e-7,
            0.019601518288254739,
            5.220249477133621e-7,
            1,
            -0.000003255937599533354,
            -0.019601518288254739,
            -0.000003245079597036238,
            -0.9998078942298889
        ],
        "dir": {
            "y": 0,
            "x": 0.4009706974029541,
            "z": 0.9160909056663513
        },
        "speed": 32,
        "t": 0.9116627083312778,
        "state": "Enum.HumanoidStateType.Running"
    },
    {
        "cf": [
            848.791015625,
            365.04852294921877,
            -797.4971313476563,
            -0.9994429349899292,
            3.9241780314114296e-7,
            0.03337467834353447,
            3.2181873166337029e-7,
            1,
            -0.000002120720637321938,
            -0.03337467834353447,
            -0.0000021087985260237476,
            -0.9994429349899292
        ],
        "dir": {
            "y": 0,
            "x": 0.2983686625957489,
            "z": 0.9544507265090942
        },
        "speed": 32,
        "t": 0.9618787500003236,
        "state": "Enum.HumanoidStateType.Running"
    },
    {
        "cf": [
            849.325439453125,
            365.04852294921877,
            -795.432373046875,
            -0.999016284942627,
            2.465858699451928e-7,
            0.04434460029006004,
            1.8867207529638109e-7,
            1,
            -0.0000013101797549097683,
            -0.04434460029006004,
            -0.0000013005243317820714,
            -0.999016284942627
        ],
        "dir": {
            "y": 0,
            "x": 0.22825172543525697,
            "z": 0.9736021757125855
        },
        "speed": 32,
        "t": 1.0287119166641788,
        "state": "Enum.HumanoidStateType.Running"
    },
    {
        "cf": [
            849.6752319335938,
            365.04852294921877,
            -793.87109375,
            -0.9989142417907715,
            2.185147991440317e-7,
            0.046586476266384128,
            1.6475055986120425e-7,
            1,
            -0.0000011579137435546727,
            -0.046586476266384128,
            -0.0000011489813687148854,
            -0.9989142417907715
        ],
        "dir": {
            "y": 0,
            "x": 0.21589389443397523,
            "z": 0.976416826248169
        },
        "speed": 32,
        "t": 1.0790580833308923,
        "state": "Enum.HumanoidStateType.Running"
    },
    {
        "cf": [
            850.0049438476563,
            365.04852294921877,
            -792.3056030273438,
            -0.998816967010498,
            1.9832206987757673e-7,
            0.048627227544784549,
            1.4729667441315542e-7,
            1,
            -0.0000010529035989748082,
            -0.048627227544784549,
            -0.0000010444954341437552,
            -0.998816967010498
        ],
        "dir": {
            "y": 0,
            "x": 0.19922220706939698,
            "z": 0.9799543023109436
        },
        "speed": 32,
        "t": 1.1290865416667658,
        "state": "Enum.HumanoidStateType.Running"
    },
    {
        "cf": [
            850.4266357421875,
            365.04852294921877,
            -790.2145385742188,
            -0.9987925291061401,
            1.9156135522280238e-7,
            0.04912767559289932,
            1.41757865890213e-7,
            1,
            -0.000001017242993839318,
            -0.04912767559289932,
            -0.0000010090504929394229,
            -0.9987925291061401
        ],
        "dir": {
            "y": 0,
            "x": 0.1974775642156601,
            "z": 0.980307400226593
        },
        "speed": 32,
        "t": 1.1960949583335606,
        "state": "Enum.HumanoidStateType.Running"
    },
    {
        "cf": [
            850.8482666015625,
            365.04852294921877,
            -788.1234741210938,
            -0.9987924695014954,
            1.9156883013238258e-7,
            0.049127839505672458,
            1.417658097579988e-7,
            1,
            -0.0000010172303746003309,
            -0.049127839505672458,
            -0.0000010090374189530849,
            -0.9987924695014954
        ],
        "dir": {
            "y": 0,
            "x": 0.1974775642156601,
            "z": 0.980307400226593
        },
        "speed": 32,
        "t": 1.2620577499983484,
        "state": "Enum.HumanoidStateType.Running"
    },
    {
        "cf": [
            851.1598510742188,
            365.04852294921877,
            -786.55419921875,
            -0.9987452030181885,
            1.853797328976725e-7,
            0.050080254673957828,
            1.3639838414292172e-7,
            1,
            -9.814772283789353e-7,
            -0.050080254673957828,
            -9.734147852213937e-7,
            -0.9987452030181885
        ],
        "dir": {
            "y": 0,
            "x": 0.18731072545051576,
            "z": 0.9823006987571716
        },
        "speed": 32,
        "t": 1.3122314583306434,
        "state": "Enum.HumanoidStateType.Running"
    },
    {
        "cf": [
            851.4466552734375,
            365.04852294921877,
            -784.4407348632813,
            -0.9981789588928223,
            1.0073559053580539e-7,
            0.060322362929582599,
            6.938886087937135e-8,
            1,
            -5.217486886976985e-7,
            -0.060322362929582599,
            -5.166128858036245e-7,
            -0.9981789588928223
        ],
        "dir": {
            "y": 0,
            "x": 0.10990580171346665,
            "z": 0.9939420223236084
        },
        "speed": 32,
        "t": 1.3787851249981032,
        "state": "Enum.HumanoidStateType.Running"
    },
    {
        "cf": [
            851.6953735351563,
            365.04852294921877,
            -782.1878662109375,
            -0.9985215067863464,
            1.0544891893005115e-7,
            0.05435820668935776,
            7.527385292860345e-8,
            1,
            -5.571627639255894e-7,
            -0.05435820668935776,
            -5.52247229279601e-7,
            -0.9985215067863464
        ],
        "dir": {
            "y": 0,
            "x": 0.10990580171346665,
            "z": 0.9939420223236084
        },
        "speed": 32,
        "t": 1.4481309999973747,
        "state": "Enum.HumanoidStateType.Running"
    },
    {
        "cf": [
            851.9298706054688,
            365.04852294921877,
            -780.2017211914063,
            -0.9982814192771912,
            1.0745790746113926e-7,
            0.05860167369246483,
            7.474712759858449e-8,
            1,
            -5.603810677712318e-7,
            -0.05860167369246483,
            -5.550377295548969e-7,
            -0.9982814192771912
        ],
        "dir": {
            "y": 0,
            "x": 0.1310238540172577,
            "z": 0.9913792014122009
        },
        "speed": 32,
        "t": 1.511632791665761,
        "state": "Enum.HumanoidStateType.Running"
    },
    {
        "cf": [
            852.25439453125,
            365.04852294921877,
            -778.0933227539063,
            -0.9985305070877075,
            1.4556650285157958e-7,
            0.054191965609788898,
            1.0423208607335255e-7,
            1,
            -7.655683020857396e-7,
            -0.054191965609788898,
            -7.587947834508668e-7,
            -0.9985305070877075
        ],
        "dir": {
            "y": 0,
            "x": 0.15999694168567658,
            "z": 0.9871175289154053
        },
        "speed": 32,
        "t": 1.578659124999831,
        "state": "Enum.HumanoidStateType.Running"
    },
    {
        "cf": [
            852.6182861328125,
            365.04852294921877,
            -775.9913940429688,
            -0.9986494779586792,
            1.6266737645764807e-7,
            0.05195441097021103,
            1.1817484590892491e-7,
            1,
            -8.59450096868386e-7,
            -0.05195441097021103,
            -8.521496965840925e-7,
            -0.9986494779586792
        ],
        "dir": {
            "y": 0,
            "x": 0.17955289781093598,
            "z": 0.9837483167648315
        },
        "speed": 32,
        "t": 1.6447803333321645,
        "state": "Enum.HumanoidStateType.Running"
    },
    {
        "cf": [
            852.925048828125,
            365.04852294921877,
            -774.4212036132813,
            -0.9987956285476685,
            1.9017409158550436e-7,
            0.049064550548791888,
            1.4071767395762436e-7,
            1,
            -0.0000010114437145603006,
            -0.049064550548791888,
            -0.0000010033213584392798,
            -0.9987956285476685
        ],
        "dir": {
            "y": 0,
            "x": 0.20004822313785554,
            "z": 0.9797860980033875
        },
        "speed": 32,
        "t": 1.695510124998691,
        "state": "Enum.HumanoidStateType.Running"
    },
    {
        "cf": [
            853.4132690429688,
            365.04852294921877,
            -772.3448486328125,
            -0.9991008639335632,
            2.5663331371106326e-7,
            0.04239603132009506,
            1.9854289234899626e-7,
            1,
            -0.000001374395765196823,
            -0.04239603132009506,
            -0.0000013647426158058807,
            -0.9991008639335632
        ],
        "dir": {
            "y": 0,
            "x": 0.25297755002975466,
            "z": 0.9674721956253052
        },
        "speed": 32,
        "t": 1.761598833330936,
        "state": "Enum.HumanoidStateType.Running"
    },
    {
        "cf": [
            853.840087890625,
            365.04852294921877,
            -770.8027954101563,
            -0.9992290139198303,
            2.982910984883347e-7,
            0.039260756224393848,
            2.3548408023543744e-7,
            1,
            -0.0000016043650248320774,
            -0.039260756224393848,
            -0.0000015938827573336312,
            -0.9992290139198303
        ],
        "dir": {
            "y": 0,
            "x": 0.2706320881843567,
            "z": 0.9626829028129578
        },
        "speed": 32,
        "t": 1.8116590833305964,
        "state": "Enum.HumanoidStateType.Running"
    },
    {
        "cf": [
            854.288330078125,
            365.04852294921877,
            -769.266845703125,
            -0.9993007183074951,
            3.2181347364712567e-7,
            0.037390727549791339,
            2.5703997152959348e-7,
            1,
            -0.000001737147954372631,
            -0.037390727549791339,
            -0.0000017263223526242655,
            -0.9993007183074951
        ],
        "dir": {
            "y": 0,
            "x": 0.2833113670349121,
            "z": 0.9590280055999756
        },
        "speed": 32,
        "t": 1.8621066249979777,
        "state": "Enum.HumanoidStateType.Running"
    },
    {
        "cf": [
            854.8733520507813,
            365.04852294921877,
            -767.2156372070313,
            -0.9991647601127625,
            2.9337653018046696e-7,
            0.04086276516318321,
            2.294984113859755e-7,
            1,
            -0.0000015679263469792205,
            -0.04086276516318321,
            -0.0000015572388747386868,
            -0.9991647601127625
        ],
        "dir": {
            "y": 0,
            "x": 0.24732591211795808,
            "z": 0.9689323306083679
        },
        "speed": 32,
        "t": 1.928942583330354,
        "state": "Enum.HumanoidStateType.Running"
    },
    {
        "cf": [
            855.3099365234375,
            365.04852294921877,
            -765.1278686523438,
            -0.9987409114837647,
            1.8373282273387304e-7,
            0.050165895372629169,
            1.351504153035421e-7,
            1,
            -9.718294222693658e-7,
            -0.050165895372629169,
            -9.63825868893764e-7,
            -0.9987409114837647
        ],
        "dir": {
            "y": 0,
            "x": 0.18762199580669404,
            "z": 0.9822413921356201
        },
        "speed": 32,
        "t": 1.9952678749978077,
        "state": "Enum.HumanoidStateType.Running"
    },
    {
        "cf": [
            855.6024780273438,
            365.04852294921877,
            -763.5549926757813,
            -0.998665452003479,
            1.695841973514689e-7,
            0.05164584890007973,
            1.2352489875411266e-7,
            1,
            -8.950233336690872e-7,
            -0.05164584890007973,
            -8.874493460098165e-7,
            -0.998665452003479
        ],
        "dir": {
            "y": 0,
            "x": 0.17706772685050965,
            "z": 0.9841987490653992
        },
        "speed": 32,
        "t": 2.046093375000055,
        "state": "Enum.HumanoidStateType.Running"
    },
    {
        "cf": [
            855.95263671875,
            365.04852294921877,
            -761.45068359375,
            -0.9985116124153137,
            1.4293863159764442e-7,
            0.05453910306096077,
            1.0218373347470333e-7,
            1,
            -7.500499350499013e-7,
            -0.05453910306096077,
            -7.433606015183614e-7,
            -0.9985116124153137
        ],
        "dir": {
            "y": 0,
            "x": 0.15705840289592744,
            "z": 0.9875892996788025
        },
        "speed": 32,
        "t": 2.112767333332158,
        "state": "Enum.HumanoidStateType.Running"
    },
    {
        "cf": [
            856.287841796875,
            365.04852294921877,
            -759.343994140625,
            -0.998508632183075,
            1.4214074894880469e-7,
            0.054593611508607867,
            1.0154049334687443e-7,
            1,
            -7.464564646397776e-7,
            -0.054593611508607867,
            -7.397998160740826e-7,
            -0.998508632183075
        ],
        "dir": {
            "y": 0,
            "x": 0.15705840289592744,
            "z": 0.9875892996788025
        },
        "speed": 32,
        "t": 2.1794068749986765,
        "state": "Enum.HumanoidStateType.Running"
    },
    {
        "cf": [
            856.5811157226563,
            365.04852294921877,
            -757.5006713867188,
            -0.9992667436599731,
            1.72131535691733e-7,
            0.03828825056552887,
            1.3588091007932236e-7,
            1,
            -9.493847983321757e-7,
            -0.03828825056552887,
            -9.434859862267331e-7,
            -0.9992667436599731
        ],
        "dir": {
            "y": 0,
            "x": 0.15705840289592744,
            "z": 0.9875892996788025
        },
        "speed": 32,
        "t": 2.236537208333175,
        "state": "Enum.HumanoidStateType.Running"
    },
    {
        "cf": [
            856.8711547851563,
            365.04852294921877,
            -755.65673828125,
            -0.9984899759292603,
            1.4533091530211096e-7,
            0.054934095591306689,
            1.0370487757427327e-7,
            1,
            -7.605967198287544e-7,
            -0.054934095591306689,
            -7.537512942690228e-7,
            -0.9984899759292603
        ],
        "dir": {
            "y": 0,
            "x": 0.1543850600719452,
            "z": 0.9880107641220093
        },
        "speed": 32,
        "t": 2.2963724583314617,
        "state": "Enum.HumanoidStateType.Running"
    },
    {
        "cf": [
            857.2005004882813,
            365.04852294921877,
            -753.549072265625,
            -0.9984889030456543,
            1.3912178076225246e-7,
            0.05495365709066391,
            9.915076759625663e-8,
            1,
            -7.300860147552157e-7,
            -0.05495365709066391,
            -7.235340717670624e-7,
            -0.9984889030456543
        ],
        "dir": {
            "y": 0,
            "x": 0.1543850600719452,
            "z": 0.9880107641220093
        },
        "speed": 32,
        "t": 2.3616853749990698,
        "state": "Enum.HumanoidStateType.Running"
    },
    {
        "cf": [
            857.447509765625,
            365.04852294921877,
            -751.9683227539063,
            -0.9984889030456543,
            1.3911943597122446e-7,
            0.05495365709066391,
            9.914851517578427e-8,
            1,
            -7.300844231394876e-7,
            -0.05495365709066391,
            -7.23532593838172e-7,
            -0.9984889030456543
        ],
        "dir": {
            "y": 0,
            "x": 0.1543850600719452,
            "z": 0.9880107641220093
        },
        "speed": 32,
        "t": 2.412055208333186,
        "state": "Enum.HumanoidStateType.Running"
    },
    {
        "cf": [
            857.77685546875,
            365.04852294921877,
            -749.8606567382813,
            -0.9984889030456543,
            1.3911943597122446e-7,
            0.05495365709066391,
            9.914850807035691e-8,
            1,
            -7.300844231394876e-7,
            -0.05495365709066391,
            -7.23532593838172e-7,
            -0.9984889030456543
        ],
        "dir": {
            "y": 0,
            "x": 0.1543850600719452,
            "z": 0.9880107641220093
        },
        "speed": 32,
        "t": 2.478911791666178,
        "state": "Enum.HumanoidStateType.Running"
    },
    {
        "cf": [
            858.1192016601563,
            365.04852294921877,
            -747.755126953125,
            -0.9985906481742859,
            1.5351396598362045e-7,
            0.05307317525148392,
            1.1069328564872194e-7,
            1,
            -8.097644581539498e-7,
            -0.05307317525148392,
            -8.02748388650798e-7,
            -0.9985906481742859
        ],
        "dir": {
            "y": 0,
            "x": 0.1703527718782425,
            "z": 0.9853832125663757
        },
        "speed": 32,
        "t": 2.545461083333066,
        "state": "Enum.HumanoidStateType.Running"
    },
    {
        "cf": [
            858.4808349609375,
            365.04852294921877,
            -745.652587890625,
            -0.9985951781272888,
            1.5597257174704283e-7,
            0.052987612783908847,
            1.1258964605076472e-7,
            1,
            -8.217236882046564e-7,
            -0.052987612783908847,
            -8.146034815581515e-7,
            -0.9985951781272888
        ],
        "dir": {
            "y": 0,
            "x": 0.16896070539951325,
            "z": 0.985622763633728
        },
        "speed": 32,
        "t": 2.612028083331097,
        "state": "Enum.HumanoidStateType.Running"
    },
    {
        "cf": [
            858.7514038085938,
            365.04852294921877,
            -744.0755004882813,
            -0.998595118522644,
            1.6236720057349886e-7,
            0.05298834666609764,
            1.1739103911168059e-7,
            1,
            -8.519072594026511e-7,
            -0.05298834666609764,
            -8.444901027360174e-7,
            -0.998595118522644
        ],
        "dir": {
            "y": 0,
            "x": 0.16896070539951325,
            "z": 0.985622763633728
        },
        "speed": 32,
        "t": 2.6620868333302498,
        "state": "Enum.HumanoidStateType.Running"
    },
    {
        "cf": [
            859.0220336914063,
            365.04852294921877,
            -742.4984130859375,
            -0.998595118522644,
            1.5595335867146788e-7,
            0.05298834666609764,
            1.1257358778493654e-7,
            1,
            -8.216524065574049e-7,
            -0.05298834666609764,
            -8.145329957187641e-7,
            -0.998595118522644
        ],
        "dir": {
            "y": 0,
            "x": 0.16896070539951325,
            "z": 0.985622763633728
        },
        "speed": 32,
        "t": 2.712310916664137,
        "state": "Enum.HumanoidStateType.Running"
    },
    {
        "cf": [
            859.3828735351563,
            365.04852294921877,
            -740.3956298828125,
            -0.998595118522644,
            1.5595243496591139e-7,
            0.05298834666609764,
            1.1257184695523392e-7,
            1,
            -8.216678111239162e-7,
            -0.05298834666609764,
            -8.145484571286943e-7,
            -0.998595118522644
        ],
        "dir": {
            "y": 0,
            "x": 0.16896070539951325,
            "z": 0.985622763633728
        },
        "speed": 32,
        "t": 2.7792860833324086,
        "state": "Enum.HumanoidStateType.Running"
    },
    {
        "cf": [
            859.6535034179688,
            365.04852294921877,
            -738.8185424804688,
            -0.998595118522644,
            1.5595243496591139e-7,
            0.05298834666609764,
            1.1257184695523392e-7,
            1,
            -8.216678111239162e-7,
            -0.05298834666609764,
            -8.145484571286943e-7,
            -0.998595118522644
        ],
        "dir": {
            "y": 0,
            "x": 0.16896070539951325,
            "z": 0.985622763633728
        },
        "speed": 32,
        "t": 2.829541083330696,
        "state": "Enum.HumanoidStateType.Running"
    },
    {
        "cf": [
            860.0263671875,
            365.04852294921877,
            -736.7180786132813,
            -0.9986931085586548,
            1.7026115983753699e-7,
            0.05110890418291092,
            1.243824385710468e-7,
            1,
            -9.008484767036862e-7,
            -0.05110890418291092,
            -8.933141089073615e-7,
            -0.9986931085586548
        ],
        "dir": {
            "y": 0,
            "x": 0.18549418449401856,
            "z": 0.9826453328132629
        },
        "speed": 32,
        "t": 2.895648791665735,
        "state": "Enum.HumanoidStateType.Running"
    },
    {
        "cf": [
            860.3357543945313,
            365.04852294921877,
            -735.1484375,
            -0.9987770318984985,
            1.8751804020666896e-7,
            0.049440834671258929,
            1.3847272839484504e-7,
            1,
            -9.954278539225925e-7,
            -0.049440834671258929,
            -9.873642738966737e-7,
            -0.9987770318984985
        ],
        "dir": {
            "y": 0,
            "x": 0.19630415737628938,
            "z": 0.9805431365966797
        },
        "speed": 32,
        "t": 2.946020249997673,
        "state": "Enum.HumanoidStateType.Running"
    },
    {
        "cf": [
            860.6650390625,
            365.04852294921877,
            -733.5828857421875,
            -0.998881459236145,
            2.083886556647485e-7,
            0.04728494957089424,
            1.5622630655798276e-7,
            1,
            -0.000001106844706555421,
            -0.04728494957089424,
            -0.0000010982193998643198,
            -0.998881459236145
        ],
        "dir": {
            "y": 0,
            "x": 0.2133525013923645,
            "z": 0.9769752621650696
        },
        "speed": 32,
        "t": 2.996090874999936,
        "state": "Enum.HumanoidStateType.Running"
    },
    {
        "cf": [
            861.118408203125,
            365.04852294921877,
            -731.4986572265625,
            -0.9968135356903076,
            2.920940289641294e-7,
            0.07976727187633515,
            1.8831276804576192e-7,
            1,
            -0.0000013085733598927619,
            -0.07976727187633515,
            -0.0000012893823395643267,
            -0.9968135356903076
        ],
        "dir": {
            "y": 0,
            "x": 0.18438775837421418,
            "z": 0.9828535914421082
        },
        "speed": 32,
        "t": 3.0618549166647428,
        "state": "Enum.HumanoidStateType.Running"
    },
    {
        "cf": [
            861.5281372070313,
            365.04852294921877,
            -729.405029296875,
            -0.9988601803779602,
            2.0494648822477758e-7,
            0.04773164168000221,
            1.5351321280832054e-7,
            1,
            -0.000001081220034393482,
            -0.04773164168000221,
            -0.0000010726602113209083,
            -0.9988601803779602
        ],
        "dir": {
            "y": 0,
            "x": 0.21005269885063172,
            "z": 0.9776901006698608
        },
        "speed": 32,
        "t": 3.128700499997649,
        "state": "Enum.HumanoidStateType.Running"
    },
    {
        "cf": [
            861.8768920898438,
            365.04852294921877,
            -727.8438110351563,
            -0.9989293813705444,
            2.2156568491027429e-7,
            0.04626056179404259,
            1.6736751717871813e-7,
            1,
            -0.0000011754580100387103,
            -0.04626056179404259,
            -0.0000011664570820357767,
            -0.9989293813705444
        ],
        "dir": {
            "y": 0,
            "x": 0.2185765504837036,
            "z": 0.9758198261260986
        },
        "speed": 32,
        "t": 3.178830749999179,
        "state": "Enum.HumanoidStateType.Running"
    },
    {
        "cf": [
            862.3413696289063,
            365.04852294921877,
            -725.7620239257813,
            -0.9992583394050598,
            2.0581937576480414e-7,
            0.0385071337223053,
            1.623322845034636e-7,
            1,
            -0.000001132456304731022,
            -0.0385071337223053,
            -0.0000011253655429754872,
            -0.9992583394050598
        ],
        "dir": {
            "y": 0,
            "x": 0.21711651980876923,
            "z": 0.9761456847190857
        },
        "speed": 32,
        "t": 3.2448689583325178,
        "state": "Enum.HumanoidStateType.Running"
    },
    {
        "cf": [
            862.7012939453125,
            365.04852294921877,
            -724.2030639648438,
            -0.9992833137512207,
            2.0846906068072713e-7,
            0.03785257413983345,
            1.6473748587486626e-7,
            1,
            -0.0000011584321555346833,
            -0.03785257413983345,
            -0.0000011513661775097717,
            -0.9992833137512207
        ],
        "dir": {
            "y": 0,
            "x": 0.22418272495269776,
            "z": 0.9745471477508545
        },
        "speed": 32,
        "t": 3.2951200416646317,
        "state": "Enum.HumanoidStateType.Running"
    },
    {
        "cf": [
            863.1867065429688,
            365.04852294921877,
            -722.1257934570313,
            -0.999557614326477,
            1.930721111875755e-7,
            0.02974197082221508,
            1.5965943589435484e-7,
            1,
            -0.0000011257926644248074,
            -0.02974197082221508,
            -0.0000011205460168639548,
            -0.999557614326477
        ],
        "dir": {
            "y": 0,
            "x": 0.22843270003795625,
            "z": 0.9735596776008606
        },
        "speed": 32,
        "t": 3.3615505833331555,
        "state": "Enum.HumanoidStateType.Running"
    },
    {
        "cf": [
            863.5501098632813,
            365.04852294921877,
            -720.567626953125,
            -0.9995465278625488,
            1.8844370686110779e-7,
            0.030112706124782563,
            1.552220112444047e-7,
            1,
            -0.0000011055884669985972,
            -0.030112706124782563,
            -0.0000011004128737113206,
            -0.9995465278625488
        ],
        "dir": {
            "y": 0,
            "x": 0.22566470503807069,
            "z": 0.9742050170898438
        },
        "speed": 32,
        "t": 3.411839833330305,
        "state": "Enum.HumanoidStateType.Running"
    },
    {
        "cf": [
            863.9187622070313,
            365.04852294921877,
            -719.0106811523438,
            -0.9995690584182739,
            1.9616487634266378e-7,
            0.02935454063117504,
            1.6261985535948043e-7,
            1,
            -0.000001145141482084,
            -0.02935454063117504,
            -0.0000011398743708923576,
            -0.9995690584182739
        ],
        "dir": {
            "y": 0,
            "x": 0.23179307579994203,
            "z": 0.9727652072906494
        },
        "speed": 32,
        "t": 3.462067999997089,
        "state": "Enum.HumanoidStateType.Running"
    },
    {
        "cf": [
            864.4351806640625,
            365.04852294921877,
            -716.94091796875,
